   1.6433008752666245        1.7673610508694277        2.2722983762455216     
   2.6473936450584730        2.8883697668665049        4.0770268495322064     
   3.4330686413886973        3.7806551435412534        5.8416477773024429     
   8.3167487931063810        8.7760955608069633        12.035247366458172     
   11.449251053929514        12.003364381920830        16.700971827377543     
   8.2848686590009635        8.8846388431193812        14.968976964373176     
   4.2807409529703770        4.8988895848446807        12.436572479354677     
   4.5691601267123509        5.2097222703832857        14.674730921631992     
   4.3810655213100267        5.0199323089373786        16.602879830121072     
   3.6047156692521565        4.2160098160583805        18.071315668844246     
   2.6497253089150155        2.1188530451264960        13.350399242773275     
   5.4939840744249544        5.0434105527801885        12.589757799311613     
  0.69218511416252571       0.31167581335838307        21.226447127947424     
   8.5978508957517281        8.8837458958295308        36.025058559732813     
   12.122086850696855        12.251871652662652        44.301302278137712     
   14.223558625794597        14.154160863968194        51.252548550982539     
   13.182302116805225        12.879233422735156        54.407953889162641     
   15.967113892196094        15.379250668025396        63.206313521560112     
   14.216880038028478        13.325990447891503        66.035920149604010     
   9.9464003641333729        8.7491232949051323        65.300597996161997     
   8.3506566008381320        6.7947444419195815        68.691634710615944     
   5.9852061174500388        4.0525494231797490        71.088006715877853     
   7.5478016293398165        5.1234370398276026        80.231512044927527     
   9.5748715116353917        6.5822311622527856        90.870424261993961     
   11.068386115535631        7.4501468541041618        101.35559998638502     
   14.816724464191786        10.410460894374609        116.90883229381086     
   17.219136174416700        11.973080088461520        131.06369949897726     
   14.217750188832081        8.3059160238434728        135.23525921760972     
   15.800795567663689        8.9166746995016180        149.52043544259988     
   15.046363755036566        7.2364934058231372        159.71848019946376     
