1.0                      0.4191496643529131       
1.3737373737373737       0.8799580051726537       
1.7474747474747474       1.328575141261485        
2.121212121212121        1.7651641900994015       
2.494949494949495        2.1898882691663886       
2.8686868686868685       2.602910495942428        
3.2424242424242427       3.0043939879075188       
3.6161616161616164       3.3945018625416443       
3.98989898989899         3.7733972373247946       
4.363636363636363        4.141243229736959        
4.737373737373737        4.4982029572581235       
5.111111111111112        4.844439537368279        
5.484848484848485        5.1801160875474155       
5.858585858585859        5.50539572527552         
6.232323232323233        5.820441568032581        
6.606060606060606        6.1254167332985885       
6.97979797979798         6.420484338553532        
7.353535353535354        6.705807501277397        
7.7272727272727275       6.981549338950174        
8.1010101010101          7.247872969051852        
8.474747474747474        7.50494150906242         
8.848484848484848        7.7529180764618655       
9.222222222222223        7.99196578873018         
9.595959595959597        8.222247763347351        
9.96969696969697         8.443927117793361        
10.343434343434344       8.65716696954821         
10.717171717171718       8.862130436091878        
11.090909090909092       9.05898063490436         
11.464646464646465       9.247880683465638        
11.83838383838384        9.428993699255708        
12.212121212121213       9.60248279975455         
12.585858585858587       9.768511102442163        
12.95959595959596        9.927241724798531        
13.333333333333334       10.07883778430364        
13.707070707070708       10.223462398437482       
14.080808080808081       10.361278684680045       
14.454545454545455       10.492449760511317       
14.828282828282829       10.617138743411287       
15.202020202020202       10.735508750859944       
15.575757575757576       10.84772290033728        
15.94949494949495        10.953944309323278       
16.323232323232325       11.05433609529793        
16.696969696969695       11.149061375741224       
17.070707070707073       11.23828326813315        
17.444444444444446       11.322164889953694       
17.81818181818182        11.400869358682849       
18.191919191919194       11.4745597918006         
18.565656565656568       11.543399306786936       
18.93939393939394        11.607551021121846       
19.313131313131315       11.667178052285323       
19.68686868686869        11.72244351775735        
20.060606060606062       11.77351053501792        
20.434343434343436       11.820542221547019       
20.80808080808081        11.863701694824634       
21.181818181818183       11.903152072330757       
21.555555555555557       11.939056471545378       
21.92929292929293        11.971578009948482       
22.303030303030305       12.00087980502006        
22.67676767676768        12.027124974240103       
23.050505050505052       12.050476635088595       
23.424242424242426       12.071097905045525       
23.7979797979798         12.089151901590885       
24.171717171717173       12.104801742204662       
24.545454545454547       12.118210544366846       
24.91919191919192        12.129541425557424       
25.292929292929294       12.138957503256387       
25.666666666666668       12.14662189494372        
26.04040404040404        12.152697718099416       
26.414141414141415       12.157348090203463       
26.78787878787879        12.160736128735847       
27.161616161616163       12.163024951176558       
27.535353535353536       12.164377675005586       
27.90909090909091        12.164957417702919       
28.282828282828284       12.164927296748544       
28.656565656565657       12.164450429622452       
29.03030303030303        12.163689933804632       
29.404040404040405       12.162808926775071       
29.77777777777778        12.161970526013759       
30.151515151515152       12.161337849000684       
30.525252525252526       12.161074013215837       
30.8989898989899         12.161342136139202       
31.272727272727273       12.162305335250773       
31.646464646464647       12.164126728030535       
32.02020202020202        12.16696943195848        
32.39393939393939        12.170996564514592       
32.76767676767677        12.176371243178867       
33.141414141414145       12.183256585431288       
33.515151515151516       12.191815708751843       
33.88888888888889        12.202211730620524       
34.26262626262626        12.21460776851732        
34.63636363636364        12.229166939922216       
35.01010101010101        12.246052362315206       
35.38383838383839        12.265427153176274       
35.75757575757576        12.287454429985411       
36.131313131313135       12.312297310222606       
36.505050505050505       12.340118911367846       
36.87878787878788        12.371082350901123       
37.25252525252525        12.405350746302423       
37.62626262626263        12.443087215051737       
38.0                     12.48445487462905        
