1.0       5.725     
2.0       5.967     
3.0       6.235     
4.0       6.391     
5.0       6.638     
6.0       6.797     
7.0       7.014     
8.0       7.211     
9.0       7.364     
10.0      7.72      
11.0      7.978     
12.0      8.251     
13.0      8.562     
14.0      8.543     
15.0      8.685     
16.0      9.285     
17.0      9.472     
18.0      9.825     
19.0      10.181    
20.0      10.456    
21.0      10.574    
22.0      10.754    
23.0      10.952    
24.0      10.723    
25.0      10.676    
26.0      11.246    
27.0      11.941    
28.0      12.165    
29.0      8.605     
30.0      8.674     
31.0      8.775     
32.0      8.805     
33.0      8.68      
34.0      7.855     
35.0      7.674     
36.0      7.652     
37.0      7.775     
38.0      7.984     
