   10.747762634550693        10.760880757518933        10.814272830304201     
   11.038700712589588        11.064615284728823        11.192443467398693     
   11.327989677604890        11.366057351320638        11.591777264570164     
   11.614804973084798        11.664060726985332        12.013539575105311     
   11.898322042517515        11.957479181413868        12.458995752290827     
   12.177716329391249        12.245166484297206        12.929411149413408     
   12.452163277194193        12.525976405326304        13.426051119759743     
   12.720838329414557        12.798762714192126        13.950181016616531     
   12.982916929540542        13.062379180585632        14.503066193270460     
   13.237574521060347        13.315679574197778        15.085972003008228     
   13.483986547462182        13.557517664719530        15.700163799116527     
   13.721328452234241        13.786747221841845        16.346906934882053     
   13.948775678864731        14.002222015255681        17.027466763591494     
   14.165503670841856        14.202795814652005        17.743108638531549     
   14.370687871653816        14.387322389721772        18.495097912988911     
   14.563503724788811        14.554655510155944        19.284699940250274     
   14.743126673735048        14.703648945645481        20.113180073602326     
   14.908732161980730        14.833156465881345        20.981803666331768     
   15.059495633014055        14.942031840554495        21.891836071725290     
   15.194592530323233        15.029128839355890        22.844542643069587     
   15.313198297396452        15.093301231976493        23.841188733651350     
   15.414488377721934        15.133402788107263        24.883039696757276     
   15.497638214787868        15.148287277439158        25.971360885674056     
   15.561823252082458        15.136808469663141        27.107417653688383     
   15.606218933093912        15.097820134470176        28.292475354086960     
   15.630000701310427        15.030176041551215        29.527799340156470     
   15.632344000220211        14.932729960597229        30.814654965183610     
   15.612424273311458        14.804335661299165        32.154307582455075     
   15.569416964072383        14.643846913347993        33.548022545257552     
   15.502497515991177        14.450117486434667        34.997065206877743     
