   1.0000000000000000      -0.41614683654714241       0.94999999999999996     
   1.0039960039960041      -0.42340058145409770       0.94880199720359548     
   1.0079920079920079      -0.43062728298187308       0.94760559121198495     
   1.0119880119880120      -0.43782647954766057       0.94641078202516771     
   1.0159840159840159      -0.44499771132544341       0.94521756964314418     
   1.0199800199800200      -0.45214052027536927       0.94402595406591416     
   1.0239760239760241      -0.45925445017300326       0.94283593529347764     
   1.0279720279720279      -0.46633904663846898       0.94164751332583507     
   1.0319680319680320      -0.47339385716547200       0.94046068816298600     
   1.0359640359640361      -0.48041843115019955       0.93927545980493021     
   1.0399600399600399      -0.48741231992010298       0.93809182825166837     
   1.0439560439560440      -0.49437507676255621       0.93690979350320014     
   1.0479520479520479      -0.50130625695338549       0.93572935555952541     
   1.0519480519480520      -0.50820541778527784       0.93455051442064430     
   1.0559440559440560      -0.51507211859605484       0.93337327008655691     
   1.0599400599400599      -0.52190592079681974       0.93219762255726279     
   1.0639360639360640      -0.52870638789997215       0.93102357183276263     
   1.0679320679320679      -0.53547308554708439       0.92985111791305597     
   1.0719280719280719      -0.54220558153664833       0.92868026079814281     
   1.0759240759240760      -0.54890344585167739       0.92751100048802348     
   1.0799200799200799      -0.55556625068717458       0.92634333698269766     
   1.0839160839160840      -0.56219357047745788       0.92517727028216534     
   1.0879120879120878      -0.56878498192333915       0.92401280038642686     
   1.0919080919080919      -0.57534006401916438       0.92284992729548176     
   1.0959040959040960      -0.58185839807970097       0.92168865100933028     
   1.0999000999000998      -0.58833956776688201       0.92052897152797253     
   1.1038961038961039      -0.59478315911639834       0.91937088885140839     
   1.1078921078921078      -0.60118876056413773       0.91821440297963774     
   1.1118881118881119      -0.60755596297247483       0.91705951391266094     
   1.1158841158841160      -0.61388435965640076       0.91590622165047741     
   1.1198801198801198      -0.62017354640950018       0.91475452619308761     
   1.1238761238761239      -0.62642312152976976       0.91360442754049154     
   1.1278721278721280      -0.63263268584527332       0.91245592569268896     
   1.1318681318681318      -0.63880184273963914       0.91130902064968000     
   1.1358641358641359      -0.64493019817739317       0.91016371241146476     
   1.1398601398601398      -0.65101736072912442       0.90902000097804292     
   1.1438561438561439      -0.65706294159648959       0.91023704099440206     
   1.1478521478521477      -0.66306655463704267       0.91188446489592168     
   1.1518481518481518      -0.66902781638890241       0.91351732780196959     
   1.1558441558441559      -0.67494634609524118       0.91513560363894741     
   1.1598401598401598      -0.68082176572860675       0.91673926656618310     
   1.1638361638361638      -0.68665370001506776       0.91832829097634461     
   1.1678321678321679      -0.69244177645818150       0.91990265149584760     
   1.1718281718281718      -0.69818562536278728       0.92146232298526110     
   1.1758241758241759      -0.70388487985861958       0.92300728053970937     
   1.1798201798201797      -0.70953917592373950       0.92453749948926889     
   1.1838161838161838      -0.71514815240778762       0.92605295539936261     
   1.1878121878121879      -0.72071145105504897       0.92755362407115016     
   1.1918081918081918      -0.72622871652733667       0.92903948154191396     
   1.1958041958041958      -0.73169959642668880       0.93051050408544256     
   1.1998001998001997      -0.73712374131787495       0.93196666821240848     
   1.2037962037962038      -0.74250080475071700       0.93340795067074422     
   1.2077922077922079      -0.74783044328221626       0.93483432844601300     
   1.2117882117882117      -0.75311231649849009       0.93624577876177639     
   1.2157842157842158      -0.75834608703651596       0.93764227907995812     
   1.2197802197802199      -0.76353142060567747       0.93902380710120381     
   1.2237762237762237      -0.76866798600911723       0.94039034076523698     
   1.2277722277722278      -0.77375545516489175       0.94174185825121204     
   1.2317682317682317      -0.77879350312692475       0.94307833797806129     
   1.2357642357642358      -0.78378180810576392       0.94439975860484104     
   1.2397602397602396      -0.78872005148913271       0.94570609903107128     
   1.2437562437562437      -0.79360791786228213       0.94699733839707334     
   1.2477522477522478      -0.79844509502813543       0.94827345608430258     
   1.2517482517482517      -0.80323127402722949       0.94953443171567753     
   1.2557442557442557      -0.80796614915744913       0.95078024515590598     
   1.2597402597402598      -0.81264941799355173       0.95201087651180538     
   1.2637362637362637      -0.81728078140648408       0.95322630613262138     
   1.2677322677322678      -0.82185994358248915       0.95442651461034156     
   1.2717282717282719      -0.82638661204199915       0.95561148278000485     
   1.2757242757242757      -0.83086049765831671       0.95678119172000786     
   1.2797202797202798      -0.83528131467608357       0.95793562275240696     
   1.2837162837162837      -0.83964878072952986       0.95907475744321669     
   1.2877122877122877      -0.84396261686051177       0.96019857760270400     
   1.2917082917082916      -0.84822254753632687       0.96130706528567833     
   1.2957042957042957      -0.85242830066731490       0.96240020279177907     
   1.2997002997002998      -0.85657960762423502       0.96347797266575719     
   1.3036963036963036      -0.86067620325542438       0.96454035769775448     
   1.3076923076923077      -0.86471782590373458       0.96558734092357867     
   1.3116883116883118      -0.86870421742324266       0.96661890562497343     
   1.3156843156843157      -0.87263512319574010       0.96763503532988615     
   1.3196803196803197      -0.87651029214699661       0.96863571381273073     
   1.3236763236763236      -0.88032947676279472       0.96962092509464615     
   1.3276723276723277      -0.88409243310474128       0.97059065344375262     
   1.3316683316683315      -0.88779892082584622       0.97154488337540179     
   1.3356643356643356      -0.89144870318587555       0.97248359965242492     
   1.3396603396603397      -0.89504154706647121       0.97340678728537522     
   1.3436563436563436      -0.89857722298604126       0.97431443153276787     
   1.3476523476523476      -0.90205550511441768       0.97520651790131552     
   1.3516483516483517      -0.90547617128727986       0.97608303214615910     
   1.3556443556443556      -0.90883900302034482       0.97694396027109576     
   1.3596403596403597      -0.91214378552332298       0.97778928852880231     
   1.3636363636363638      -0.91539030771363594       0.97861900342105457     
   1.3676323676323676      -0.91857836222989941       0.97943309169894277     
   1.3716283716283717      -0.92170774544516820       0.98023154036308391     
   1.3756243756243756      -0.92477825747994125       0.98101433666382809     
   1.3796203796203796      -0.92778970221492907       0.98178146810146327     
   1.3836163836163835      -0.93074188730357987       0.98253292242641410     
   1.3876123876123876      -0.93363462418436538       0.98326868763943798     
   1.3916083916083917      -0.93646772809282430       0.98398875199181635     
   1.3956043956043955      -0.93924101807336358       0.98469310398554222     
   1.3996003996003996      -0.94195431699081678       0.98538173237350424     
   1.4035964035964037      -0.94460745154175774       0.98605462615966610     
   1.4075924075924076      -0.94720025226556925       0.98671177459924164     
   1.4115884115884116      -0.94973255355526831       0.98735316719886723     
   1.4155844155844157      -0.95220419366808218       0.98797879371676856     
   1.4195804195804196      -0.95461501473577959       0.98858864416292469     
   1.4235764235764234      -0.95696486277475501       0.98918270879922754     
   1.4275724275724275      -0.95925358769586277       0.98976097813963715     
   1.4315684315684316      -0.96148104331400386       0.99032344295033325     
   1.4355644355644355      -0.96364708735746318       0.99087009424986261     
   1.4395604395604396      -0.96575158147699680       0.99140092330928276     
   1.4435564435564436      -0.96779439125466815       0.99191592165230114     
   1.4475524475524475      -0.96977538621243387       0.99241508105541043     
   1.4515484515484516      -0.97169443982047776       0.99289839354802001     
   1.4555444555444557      -0.97355142950529217       0.99336585141258305     
   1.4595404595404595      -0.97534623665750708       0.99381744718471987     
   1.4635364635364636      -0.97707874663946637       0.99425317365333721     
   1.4675324675324675      -0.97874884879254909       0.99467302386074319     
   1.4715284715284715      -0.98035643644423809       0.99507699110275838     
   1.4755244755244754      -0.98190140691493322       0.99546506892882314     
   1.4795204795204795      -0.98338366152450951       0.99583725114210042     
   1.4835164835164836      -0.98480310559862039       0.99619353179957471     
   1.4875124875124874      -0.98615964847474413       0.99653390521214680     
   1.4915084915084915      -0.98745320350797550       0.99685836594472521     
   1.4955044955044956      -0.98868368807655893       0.99716690881631220     
   1.4995004995004995      -0.98985102358716648       0.99745952890008682     
   1.5034965034965035      -0.99095513547991754       0.99773622152348407     
   1.5074925074925076      -0.99199595323314094       0.99799698226826838     
   1.5114885114885115      -0.99297341036787923       0.99824180697060549     
   1.5154845154845153      -0.99388744445213539       0.99847069172112790     
   1.5194805194805194      -0.99473799710485988       0.99868363286499795     
   1.5234765234765235      -0.99552501399967974       0.99888062700196556     
   1.5274725274725274      -0.99624844486836839       0.99906167098642318     
   1.5314685314685315      -0.99690824350405671       0.99922676192745574     
   1.5354645354645355      -0.99750436776418405       0.99937589718888653     
   1.5394605394605394      -0.99803677957318992       0.99950907438931991     
   1.5434565434565435      -0.99850544492494631       0.99962629140217851     
   1.5474525474525476      -0.99891033388492922       0.99972754635573813     
   1.5514485514485514      -0.99925142059213112       0.99981283763315698     
   1.5554445554445553      -0.99952868326071242       0.99988216387250162     
   1.5594405594405596      -0.99974210418139298       0.99993552396676877     
   1.5634365634365635      -0.99989166972258336       0.99997291706390312     
   1.5674325674325673      -0.99997737033125556       0.99999434256681063     
   1.5714285714285714      -0.99999920053355296       0.99999980013336820     
   1.5754245754245755      -0.99995715893514003       0.99998928967642953     
   1.5794205794205793      -0.99985124822129168       0.99996281136382559     
   1.5834165834165834      -0.99968147515672134       0.99992036561836295     
   1.5874125874125875      -0.99944785058514884       0.99986195311781634     
   1.5914085914085914      -0.99915038942860823       0.99978757479491820     
   1.5954045954045954      -0.99878911068649456       0.99969723183734349     
   1.5994005994005995      -0.99836403743434998       0.99959092568769103     
   1.6033966033966034      -0.99787519682239034       0.99946865804346019     
   1.6073926073926073      -0.99732262007377059       0.99933043085702400     
   1.6113886113886113      -0.99670634248259093       0.99917624633559798     
   1.6153846153846154      -0.99602640341164250       0.99900610694120451     
   1.6193806193806193      -0.99528284628989272       0.99882001539063403     
   1.6233766233766234      -0.99447571860971173       0.99861797465540136     
   1.6273726273726274      -0.99360507192383929       0.99839998796169849     
   1.6313686313686313      -0.99267096184209147       0.99816605879034259     
   1.6353646353646354      -0.99167344802780888       0.99791619087672112     
   1.6393606393606395      -0.99061259419404590       0.99765038821073138     
   1.6433566433566433      -0.98948846809950153       0.99736865503671746     
   1.6473526473526472      -0.98830114154419102       0.99707099585340242     
   1.6513486513486515      -0.98705069036485993       0.99675741541381568     
   1.6553446553446554      -0.98573719443014096       0.99642791872521841     
   1.6593406593406592      -0.98436073763545162       0.99608251104902235     
   1.6633366633366633      -0.98292140789763605       0.99572119790070657     
   1.6673326673326674      -0.98141929714935017       0.99534398504972899     
   1.6713286713286712      -0.97985450133318908       0.99495087851943453     
   1.6753246753246753      -0.97822712039555904       0.99454188458695869     
   1.6793206793206794      -0.97653725828029403       0.99411700978312756     
   1.6833166833166833      -0.97478502292201696       0.99367626089235339     
   1.6873126873126874      -0.97297052623924440       0.99321964495252624     
   1.6913086913086914      -0.97109388412723985       0.99274716925490147     
   1.6953046953046953      -0.96915521645061020       0.99225884134398368     
   1.6993006993006992      -0.96715464703564968       0.99175466901740617     
   1.7032967032967032      -0.96509230366243137       0.99123466032580587     
   1.7072927072927073      -0.96296831805664573       0.99069882357269556     
   1.7112887112887112      -0.96078282588118658       0.99014716731433072     
   1.7152847152847153      -0.95853596672748598       0.98957970035957332     
   1.7192807192807193      -0.95622788410659887       0.98899643176975083     
   1.7232767232767232      -0.95385872544003636       0.98839737085851165     
   1.7272727272727273      -0.95142864205034949       0.98778252719167625     
   1.7312687312687314      -0.94893778915146432       0.98715191058708496     
   1.7352647352647352      -0.94638632583876825       0.98650553111444039     
   1.7392607392607391      -0.94377441507894755       0.98584339909514729     
   1.7432567432567434      -0.94110222369957897       0.98516552510214717     
   1.7472527472527473      -0.93836992237847461       0.98447191995975047     
   1.7512487512487511      -0.93557768563277932       0.98376259474346228     
   1.7552447552447552      -0.93272569180782439       0.98303756077980675     
   1.7592407592407593      -0.92981412306573685       0.98229682964614540     
   1.7632367632367631      -0.92684316537380396       0.98154041317049290     
   1.7672327672327672      -0.92381300849259484       0.98076832343132769     
   1.7712287712287713      -0.92072384596384060       0.97998057275739925     
   1.7752247752247752      -0.91757587509807281       0.97917717372753144     
   1.7792207792207793      -0.91436929696201941       0.97835813917042147     
   1.7832167832167833      -0.91110431636576406       0.97752348216443474     
   1.7872127872127872      -0.90778114184966374       0.97667321603739699     
   1.7912087912087911      -0.90439998567102831       0.97580735436638011     
   1.7952047952047954      -0.90096106379056351       0.97492591097748638     
   1.7992007992007992      -0.89746459585857896       0.97402889994562769     
   1.8031968031968031      -0.89391080520095567       0.97311633559429978     
   1.8071928071928072      -0.89029991880488346       0.97218823249535469     
   1.8111888111888113      -0.88663216730436323       0.97124460546876745     
   1.8151848151848151      -0.88290778496547551       0.97028546958239958     
   1.8191808191808192      -0.87912700967141644       0.96931084015175861     
   1.8231768231768233      -0.87529008290730537       0.96832073273975328     
   1.8271728271728271      -0.87139724974476018       0.96731516315644517     
   1.8311688311688312      -0.86744875882624317       0.96629414745879605     
   1.8351648351648353      -0.86344486234918105       0.96525770195041205     
   1.8391608391608392      -0.85938581604985664       0.96420584318128266     
   1.8431568431568430      -0.85527187918707304       0.96313858794751672     
   1.8471528471528471      -0.85110331452559562       0.96205595329107430     
   1.8511488511488512      -0.84688038831936874       0.96095795649949456     
   1.8551448551448551      -0.84260337029450938       0.95984461510561947     
   1.8591408591408591      -0.83827253363207843       0.95871594688731410     
   1.8631368631368632      -0.83388815495063329       0.95757196986718274     
   1.8671328671328671      -0.82945051428855976       0.95641270231228104     
   1.8711288711288712      -0.82495989508618361       0.95523816273382411     
   1.8751248751248752      -0.82041658416766938       0.95404836988689135     
   1.8791208791208791      -0.81582087172269890       0.95284334277012683     
   1.8831168831168830      -0.81117305128793582       0.95162310062543565     
   1.8871128871128873      -0.80647341972827757       0.95038766293767662     
   1.8911088911088911      -0.80172227721789568       0.94913704943435218     
   1.8951048951048950      -0.79691992722105964       0.94787128008529187     
   1.8991008991008991      -0.79206667647275641       0.94659037510233446     
   1.9030969030969032      -0.78716283495909867       0.94529435493900493     
   1.9070929070929070      -0.78220871589752505       0.94398324029018787     
   1.9110889110889111      -0.77720463571679321       0.94265705209179684     
   1.9150849150849152      -0.77215091403677116       0.94131581152044053     
   1.9190809190809190      -0.76704787364802107       0.93995953999308424     
   1.9230769230769231      -0.76189584049118186       0.93858825916670774     
   1.9270729270729272      -0.75669514363615176       0.93720199093795986     
   1.9310689310689311      -0.75144611526106986       0.93580075744280888     
   1.9350649350649349      -0.74614909063109802       0.93438458105618860     
   1.9390609390609390      -0.74080440807700820       0.93295348439164105     
   1.9430569430569431      -0.73541240897357230       0.93150749030095625     
   1.9470529470529470      -0.72997343771775836       0.93004662187380649     
   1.9510489510489510      -0.72448784170673142       0.92857090243737750     
   1.9550449550449551      -0.71895597131566724       0.92708035555599688     
   1.9590409590409590      -0.71337817987537178       0.92557500503075707     
   1.9630369630369631      -0.70775482364971243       0.92405487489913507     
   1.9670329670329672      -0.70208626181286471       0.92251998943460967     
   1.9710289710289710      -0.69637285642637070       0.92097037314627295     
   1.9750249750249749      -0.69061497241601166       0.91940605077843918     
   1.9790209790209792      -0.68481297754850123       0.91782704731024933     
   1.9830169830169830      -0.67896724240799688       0.91623338795527332     
   1.9870129870129869      -0.67307814037242619       0.91462509816110615     
   1.9910089910089910      -0.66714604758964136       0.91300220360896212     
   1.9950049950049951      -0.66117134295339341       0.91136473021326470     
   1.9990009990009989      -0.65515440807913172       0.90971270412123295     
   2.0029970029970032      -0.64909562727962766       0.90804615171246328     
   2.0069930069930071      -0.64299538754043173       0.90636509959850942     
   2.0109890109890109      -0.63685407849515174       0.90466957462245623     
   2.0149850149850153      -0.63067209240056799       0.90295960385849150     
   2.0189810189810187      -0.62444982411158201       0.90123521461147482     
   2.0229770229770230      -0.61818767105598893       0.89949643441649862     
   2.0269730269730273      -0.61188603320910195       0.89774329103845207     
   2.0309690309690307      -0.60554531306820081       0.89597581247157576     
   2.0349650349650350      -0.59916591562681965       0.89419402693901384     
   2.0389610389610389      -0.59274824834888862       0.89239796289236584     
   2.0429570429570427      -0.58629272114269992       0.89058764901123011     
   2.0469530469530470      -0.57979974633472964       0.88876311420274690     
   2.0509490509490509      -0.57326973864330388       0.88692438760113701     
   2.0549450549450547      -0.56670311515210514       0.88507149856723588     
   2.0589410589410591      -0.56010029528353511       0.88320447668802471     
   2.0629370629370629      -0.55346170077192702       0.88132335177615906     
   2.0669330669330668      -0.54678775563660487       0.87942815386949169     
   2.0709290709290711      -0.54007888615480226       0.87751891323059306     
   2.0749250749250749      -0.53333552083443780       0.87559566034626901     
   2.0789210789210788      -0.52655809038674117       0.87365842592707277     
   2.0829170829170831      -0.51974702769874426       0.87170724090681506     
   2.0869130869130870      -0.51290276780563515       0.86974213644207077     
   2.0909090909090908      -0.50602574786296650       0.86776314391168008     
   2.0949050949050951      -0.50044160142881011       0.86577029491624857     
   2.0989010989010990      -0.50389721824726674       0.86376362127764239     
   2.1028971028971029      -0.50734478882149447       0.86174315503847965     
   2.1068931068931072      -0.51078425810059469       0.85970892846161895     
   2.1108891108891106      -0.51421557116302907       0.85766097402964525     
   2.1148851148851149      -0.51763867321750057       0.85559932444434861     
   2.1188811188811192      -0.52105350960382346       0.85352401262620503     
   2.1228771228771226      -0.52446002579379836       0.85143507171384969     
   2.1268731268731269      -0.52785816739208546       0.84933253506354567     
   2.1308691308691308      -0.53124788013706792       0.84721643624865517     
   2.1348651348651346      -0.53462910990172241       0.84508680905910016     
   2.1388611388611389      -0.53800180269448228       0.84294368750082438     
   2.1428571428571428      -0.54136590466009815       0.84078710579525040     
   2.1468531468531467      -0.54472136208050059       0.83861709837873222     
   2.1508491508491510      -0.54806812137565619       0.83643369990200600     
   2.1548451548451548      -0.55140612910442244       0.83423694522963732     
   2.1588411588411587      -0.55473533196540337       0.83202686943946325     
   2.1628371628371630      -0.55805567679779922       0.82980350782203272     
   2.1668331668331668      -0.56136711058225419       0.82756689588004384     
   2.1708291708291707      -0.56466958044170568       0.82531706932777549     
   2.1748251748251750      -0.56796303364222722       0.82305406409051785     
   2.1788211788211789      -0.57124741759386943       0.82077791630399954     
   2.1828171828171827      -0.57452267985150218       0.81848866231380890     
   2.1868131868131870      -0.57778876811565061       0.81618633867481449     
   2.1908091908091909      -0.58104563023332945       0.81387098215058207     
   2.1948051948051948      -0.58429321419887781       0.81154262971278612     
   2.1988011988011991      -0.58753146815478874       0.80920131854062038     
   2.2027972027972025      -0.59076034039253544       0.80684708602020472     
   2.2067932067932068      -0.59397977935340129       0.80447996974398606     
   2.2107892107892111      -0.59718973362929839       0.80210000751014066     
   2.2147852147852145      -0.60039015196359047       0.79970723732196947     
   2.2187812187812188      -0.60358098325191356       0.79730169738728962     
   2.2227772227772227      -0.60676217654298747       0.79488342611782803     
   2.2267732267732265      -0.60993368103943313       0.79245246212860432     
   2.2307692307692308      -0.61309544609858246       0.79000884423731621     
   2.2347652347652347      -0.61624742123328591       0.78755261146372002     
   2.2387612387612386      -0.61938955611272073       0.78508380302900582     
   2.2427572427572429      -0.62252180056319384       0.78260245835517228     
   2.2467532467532467      -0.62564410456894126       0.78010861706439805     
   2.2507492507492506      -0.62875641827292994       0.77760231897840715     
   2.2547452547452549      -0.63185869197765165       0.77508360411783395     
   2.2587412587412588      -0.63495087614591672       0.77255251270158509     
   2.2627372627372626      -0.63803292140164591       0.77000908514619559     
   2.2667332667332669      -0.64110477853065873       0.76745336206518433     
   2.2707292707292708      -0.64416639848145796       0.76488538426840624     
   2.2747252747252746      -0.64721773236601476       0.76230519276139896     
   2.2787212787212789      -0.65025873146054869       0.75971282874472901     
   2.2827172827172828      -0.65328934720630427       0.75710833361333496     
   2.2867132867132867      -0.65630953121032876       0.75449174895586402     
   2.2907092907092910      -0.65931923524624358       0.75186311655400972     
   2.2947052947052944      -0.66231841125501367       0.74922247838184530     
   2.2987012987012987      -0.66530701134571746       0.74656987660515028     
   2.3026973026973030      -0.66828498779630863       0.74390535358074128     
   2.3066933066933064      -0.67125229305437872       0.74122895185579363     
   2.3106893106893107      -0.67420887973791976       0.73854071416716027     
   2.3146853146853146      -0.67715470063607563       0.73584068344069342     
   2.3186813186813184      -0.68008970870989993       0.73312890279055531     
   2.3226773226773227      -0.68301385709310569       0.73040541551853144     
   2.3266733266733266      -0.68592709909281291       0.72767026511333999     
   2.3306693306693305      -0.68882938819029582       0.72492349524993516     
   2.3346653346653348      -0.69172067804172510       0.72216514978881119     
   2.3386613386613386      -0.69460092247890648       0.71939527277530269     
   2.3426573426573425      -0.69747007551002027       0.71661390843887940     
   2.3466533466533468      -0.70032809132035467       0.71382110119244091     
   2.3506493506493507      -0.70317492427303629       0.71101689563160853     
   2.3546453546453545      -0.70601052890976090       0.70820133653401107     
   2.3586413586413588      -0.70883485995151829       0.70537446885857125     
   2.3626373626373627      -0.71164787229931425       0.70253633774478808     
   2.3666333666333665      -0.71444952103489301       0.70209219882213114     
   2.3706293706293708      -0.71723976142145307       0.70302086575505041     
   2.3746253746253747      -0.72001854890436090       0.70394824085387797     
   2.3786213786213786      -0.72278583911186389       0.70487432770766700     
   2.3826173826173829      -0.72554158785579881       0.70579912989053373     
   2.3866133866133863      -0.72828575113229499       0.70672265096174125     
   2.3906093906093906      -0.73101828512248124       0.70764489446578183     
   2.3946053946053949      -0.73373914619318137       0.70856586393245746     
   2.3986013986013983      -0.73644829089761255       0.70948556287696152     
   2.4025974025974026      -0.73914567597608105       0.71040399479995975     
   2.4065934065934065      -0.74183125835666908       0.71132116318766925     
   2.4105894105894103      -0.74450499515592572       0.71223707151193871     
   2.4145854145854146      -0.74716684367955066       0.71315172323032705     
   2.4185814185814185      -0.74981676142307530       0.71406512178618065     
   2.4225774225774224      -0.75245470607254239       0.71497727060871341     
   2.4265734265734267      -0.75508063550518190       0.71588817311308184     
   2.4305694305694305      -0.75769450779008174       0.71679783270046260     
   2.4345654345654344      -0.76029628118885995       0.71770625275812905     
   2.4385614385614387      -0.76288591415632978       0.71861343665952671     
   2.4425574425574426      -0.76546336534116233       0.71951938776434754     
   2.4465534465534464      -0.76802859358654840       0.72042410941860624     
   2.4505494505494507      -0.77058155793085537       0.72132760495471282     
   2.4545454545454546      -0.77312221760827982       0.72222987769154745     
   2.4585414585414584      -0.77565053204950052       0.72313093093453285     
   2.4625374625374628      -0.77816646088232522       0.72403076797570709     
   2.4665334665334666      -0.78066996393233468       0.72492939209379614     
   2.4705294705294705      -0.78316100122352572       0.72582680655428522     
   2.4745254745254748      -0.78563953297894851       0.72672301460948985     
   2.4785214785214782      -0.78810551962134112       0.72761801949862659     
   2.4825174825174825      -0.79055892177376408       0.72851182444788432     
   2.4865134865134868      -0.79299970026022581       0.72940443267049226     
   2.4905094905094902      -0.79542781610630975       0.73029584736679065     
   2.4945054945054945      -0.79784323053979844       0.73118607172429917     
   2.4985014985014988      -0.80024590499128911       0.73207510891778482     
   2.5024975024975022      -0.80263580109481136       0.73296296210933065     
   2.5064935064935066      -0.80501288068844179       0.73384963444840334     
   2.5104895104895104      -0.80737710581490896       0.73473512907191874     
   2.5144855144855143      -0.80972843872220324       0.73561944910431054     
   2.5184815184815186      -0.81206684186417832       0.73650259765759496     
   2.5224775224775224      -0.81439227790114999       0.73738457783143707     
   2.5264735264735263      -0.81670470970049380       0.73826539271321545     
   2.5304695304695306      -0.81900410033723714       0.73914504537808789     
   2.5344655344655345      -0.82129041309464856       0.74002353888905548     
   2.5384615384615383      -0.82356361146482515       0.74090087629702617     
   2.5424575424575426      -0.82582365914927502       0.74177706064087912     
   2.5464535464535465      -0.82807052005949588       0.74265209494752693     
   2.5504495504495504      -0.83030415831755300       0.74352598223197908     
   2.5544455544455547      -0.83252453825665129       0.74439872549740449     
   2.5584415584415585      -0.83473162442170401       0.74527032773519242     
   2.5624375624375624      -0.83692538156990093       0.74614079192501459     
   2.5664335664335667      -0.83910577467126934       0.74701012103488695     
   2.5704295704295701      -0.84127276890923330       0.74787831802122895     
   2.5744255744255744      -0.84342632968117215       0.74874538582892536     
   2.5784215784215787      -0.84556642259896930       0.74961132739138492     
   2.5824175824175821      -0.84769301348956350       0.75047614563060050     
   2.5864135864135864      -0.84980606839549577       0.75133984345720917     
   2.5904095904095907      -0.85190555357544828       0.75220242377054858     
   2.5944055944055942      -0.85399143550478529       0.75306388945871783     
   2.5984015984015985      -0.85606368087608942       0.75392424339863440     
   2.6023976023976023      -0.85812225659969055       0.75478348845609133     
   2.6063936063936062      -0.86016712980419685       0.75564162748581554     
   2.6103896103896105      -0.86219826783701869       0.75649866333152405     
   2.6143856143856143      -0.86421563826488912       0.75735459882598066     
   2.6183816183816182      -0.86621920887438375       0.75820943679105213     
   2.6223776223776225      -0.86820894767243373       0.75906318003776430     
   2.6263736263736264      -0.87018482288683630       0.75991583136635699     
   2.6303696303696302      -0.87214680296676372       0.76076739356633960     
   2.6343656343656345      -0.87409485658326580       0.76161786941654586     
   2.6383616383616384      -0.87602895262977010       0.76246726168518741     
   2.6423576423576423      -0.87794906022257935       0.76331557312990905     
   2.6463536463536466      -0.87985514870136461       0.76416280649784207     
   2.6503496503496504      -0.88174718762965376       0.76500896452565681     
   2.6543456543456543      -0.88362514679531878       0.76585404993961703     
   2.6583416583416586      -0.88548899621105803       0.76669806545563157     
   2.6623376623376624      -0.88733870611487364       0.76754101377930706     
   2.6663336663336663      -0.88917424697054892       0.76838289760600031     
   2.6703296703296706      -0.89099558946811852       0.76922371962086944     
   2.6743256743256740      -0.89280270452433641       0.77006348249892564     
   2.6783216783216783      -0.89459556328314171       0.77090218890508411     
   2.6823176823176826      -0.89637413711611769       0.77173984149421493     
   2.6863136863136861      -0.89813839762294956       0.77257644291119276     
   2.6903096903096904      -0.89988831663187907       0.77341199579094877     
   2.6943056943056942      -0.90162386620015234       0.77424650275851814     
   2.6983016983016981      -0.90334501861446770       0.77507996642909083     
   2.7022977022977024      -0.90505174639141772       0.77591238940806095     
   2.7062937062937062      -0.90674402227792716       0.77674377429107477     
   2.7102897102897101      -0.90842181925168985       0.77757412366408007     
   2.7142857142857144      -0.91008511052159902       0.77840344010337414     
   2.7182817182817183      -0.91173386952817503       0.77923172617565095     
   2.7222777222777221      -0.91336806994399011       0.78005898443805055     
   2.7262737262737264      -0.91498768567408861       0.78088521743820449     
   2.7302697302697303      -0.91659269085640305       0.78171042771428456     
   2.7342657342657342      -0.91818305986216808       0.78253461779504829     
   2.7382617382617385      -0.91975876729632888       0.78335779019988649     
   2.7422577422577423      -0.92131978799794700       0.78417994743886843     
   2.7462537462537462      -0.92286609704060230       0.78500109201278856     
   2.7502497502497505      -0.92439766973279092       0.78582122641321217     
   2.7542457542457544      -0.92591448161831880       0.78664035312251968     
   2.7582417582417582      -0.92741650847669355       0.78745847461395346     
   2.7622377622377625      -0.92890372632351026       0.78827559335166086     
   2.7662337662337659      -0.93037611141083432       0.78909171179073989     
   2.7702297702297702      -0.93183364022758186       0.78990683237728354     
   2.7742257742257745      -0.93327628949989361       0.79072095754842286     
   2.7782217782217780      -0.93470403619150710       0.79153408973237105     
   2.7822177822177823      -0.93611685750412588       0.79234623134846793     
   2.7862137862137861      -0.93751473087778081       0.79315738480722120     
   2.7902097902097900      -0.93889763399119275       0.79396755251035123     
   2.7942057942057943      -0.94026554476212809       0.79477673685083272     
   2.7982017982017982      -0.94161844134775097       0.79558494021293691     
   2.8021978021978020      -0.94295630214497250       0.79639216497227472     
   2.8061938061938063      -0.94427910579079599       0.79719841349583798     
   2.8101898101898102      -0.94558683116265729       0.79800368814204070     
   2.8141858141858140      -0.94687945737876289       0.79880799126076130     
   2.8181818181818183      -0.94815696379842307       0.79961132519338352     
   2.8221778221778222      -0.94941933002238077       0.80279412844029285     
   2.8261738261738261      -0.95066653589313876       0.80753372493412101     
   2.8301698301698304      -0.95189856149528052       0.81222174275356851     
   2.8341658341658342      -0.95311538715578792       0.81685788246625490     
   2.8381618381618381      -0.95431699344435661       0.82144184795335240     
   2.8421578421578424      -0.95550336117370549       0.82597334642849718     
   2.8461538461538463      -0.95667447139988260       0.83045208845648943     
   2.8501498501498501      -0.95783030542256875       0.83487778797178269     
   2.8541458541458544      -0.95897084478537564       0.83925016229675398     
   2.8581418581418578      -0.96009607127613983       0.84356893215975715     
   2.8621378621378621      -0.96120596692721516       0.84783382171296540     
   2.8661338661338664      -0.96230051401575811       0.85204455854998462     
   2.8701298701298699      -0.96337969506401122       0.85620087372325471     
   2.8741258741258742      -0.96444349283958331       0.86030250176123069     
   2.8781218781218780      -0.96549189035572258       0.86434918068533328     
   2.8821178821178819      -0.96652487087158978       0.86834065202668653     
   2.8861138861138862      -0.96754241789252449       0.87227666084262490     
   2.8901098901098901      -0.96854451517030848       0.87615695573297592     
   2.8941058941058939      -0.96953114670342588       0.87998128885611981     
   2.8981018981018982      -0.97050229673731814       0.88374941594481893     
   2.9020979020979021      -0.97145794976463529       0.88746109632181724     
   2.9060939060939059      -0.97239809052548443       0.89111609291521643     
   2.9100899100899102      -0.97332270400767296       0.89471417227361616     
   2.9140859140859141      -0.97423177544694783       0.89825510458102442     
   2.9180819180819180      -0.97512529032723216       0.90173866367153788     
   2.9220779220779223      -0.97600323438085668       0.90516462704378708     
   2.9260739260739261      -0.97686559358878711       0.90853277587514669     
   2.9300699300699300      -0.97771235418084856       0.91184289503571414     
   2.9340659340659343      -0.97854350263594547       0.91509477310204934     
   2.9380619380619382      -0.97935902568227695       0.91828820237067776     
   2.9420579420579420      -0.98015891029754942       0.92142297887135893     
   2.9460539460539463      -0.98094314370918390       0.92449890238011312     
   2.9500499500499497      -0.98171171339452012       0.92751577643200900     
   2.9540459540459540      -0.98246460708101735       0.93047340833371550     
   2.9580419580419584      -0.98320181274644869       0.93337160917580564     
   2.9620379620379618      -0.98392331861909443       0.93621019384482407     
   2.9660339660339661      -0.98462911317792978       0.93898898103511297     
   2.9700299700299699      -0.98531918515280814       0.94170779326038778     
   2.9740259740259738      -0.98599352352464198       0.94436645686507736     
   2.9780219780219781      -0.98665211752557813       0.94696480203541433     
   2.9820179820179820      -0.98729495663916989       0.94950266281028062     
   2.9860139860139858      -0.98792203060054518       0.95197987709180920     
   2.9900099900099901      -0.98853332939657046       0.95439628665573695     
   2.9940059940059940      -0.98912884326601003       0.95675173716150996     
   2.9980019980019978      -0.98970856269968244       0.95904607816214271     
   3.0019980019980022      -0.99027247844061261       0.96127916311382722     
   3.0059940059940060      -0.99082058148417873       0.96345084938529202     
   3.0099900099900099      -0.99135286307825676       0.96556099826691377     
   3.0139860139860142      -0.99186931472336015       0.96760947497957595     
   3.0179820179820180      -0.99236992817277503       0.96959614868327726     
   3.0219780219780219      -0.99285469543269256       0.97152089248548956     
   3.0259740259740258      -0.99332360876233639       0.97338358344926212     
   3.0299700299700301      -0.99377666067408577       0.97518410260107391     
   3.0339660339660339      -0.99421384393359569       0.97692233493843206     
   3.0379620379620378      -0.99463515155991211       0.97859816943721878     
   3.0419580419580421      -0.99504057682558389       0.98021149905878135     
   3.0459540459540460      -0.99543011325676933       0.98176222075676911     
   3.0499500499500498      -0.99580375463334037       0.98325023548371571     
   3.0539460539460541      -0.99616149498898154       0.98467544819736530     
   3.0579420579420580      -0.99650332861128521       0.98603776786674235     
   3.0619380619380618      -0.99682925004184320       0.98733710747796688     
   3.0659340659340661      -0.99713925407633319       0.98857338403981221     
   3.0699300699300700      -0.99743333576460247       0.98974651858900464     
   3.0739260739260739      -0.99771149041074703       0.99085643619526831     
   3.0779220779220777      -0.99797371357318587       0.99190306596611033     
   3.0819180819180820      -0.99822000106473252       0.99288634105134921     
   3.0859140859140859      -0.99845034895266183       0.99380619864738429     
   3.0899100899100898      -0.99866475355877249       0.99466258000120766     
   3.0939060939060941      -0.99886321145944612       0.99545543041415652     
   3.0979020979020979      -0.99904571948570164       0.99618469924540665     
   3.1018981018981018      -0.99921227472324603       0.99685033991520733     
   3.1058941058941061      -0.99936287451252070       0.99745230990785660     
   3.1098901098901099      -0.99949751644874441       0.99799057077441611     
   3.1138861138861138      -0.99961619838195093       0.99846508813516754     
   3.1178821178821177      -0.99971891841702398       0.99887583168180849     
   3.1218781218781220      -0.99980567491372740       0.99922277517938807     
   3.1258741258741258      -0.99987646648673112       0.99950589646798249     
   3.1298701298701297      -0.99993129200563347       0.99972517746411083     
   3.1338661338661340      -0.99997015059497896       0.99988060416188984     
   3.1378621378621379      -0.99999304163427272       0.99997216663392841     
   3.1418581418581417      -0.99999996475798991       0.99999985903196209     
   3.1458541458541460      -0.99999091985558197       0.99996367958722587     
   3.1498501498501499      -0.99996590707147814       0.99986363061056815     
   3.1538461538461537      -0.99992492680508327       0.99969971849230221     
   3.1578421578421580      -0.99986797971077124       0.99947195370179853     
   3.1618381618381619      -0.99979506669787488       0.99918035078681622     
   3.1658341658341658      -0.99970618893067109       0.99882492837257320     
   3.1698301698301696      -0.99960134782836241       0.99840570916055738     
   3.1738261738261739      -0.99948054506505435       0.99792271992707615     
   3.1778221778221778      -0.99934378256972867       0.99737599152154621     
   3.1818181818181817      -0.99919106252621259       0.99676555886452312     
   3.1858141858141860      -0.99902238737314375       0.99609146094547119     
   3.1898101898101898      -0.99883775980393152       0.99535374082027284     
   3.1938061938061937      -0.99863718276671398       0.99455244560847844     
   3.1978021978021980      -0.99842065946431036       0.99368762649029696     
   3.2017982017982018      -0.99818819335417086       0.99275933870332711     
   3.2057942057942057      -0.99793978814832029       0.99176764153902874     
   3.2097902097902096      -0.99767544781329964       0.99071259833893599     
   3.2137862137862139      -0.99739517657010246       0.98959427649061182     
   3.2177822177822177      -0.99709897889410748       0.98841274742334373     
   3.2217782217782216      -0.99678685951500712       0.98716808660358102     
   3.2257742257742259      -0.99645882341673175       0.98586037353011502     
   3.2297702297702298      -0.99611487583737079       0.98448969172900147     
   3.2337662337662336      -0.99575502226908830       0.98305612874822512     
   3.2377622377622379      -0.99537926845803559       0.98155977615210810     
   3.2417582417582418      -0.99498762040425959       0.98000072951546191     
   3.2457542457542456      -0.99458008436160683       0.97837908841748200     
   3.2497502497502500      -0.99415666683762371       0.97669495643538806     
   3.2537462537462538      -0.99371737459345266       0.97494844113780887     
   3.2577422577422577      -0.99326221464372400       0.97313965407791037     
   3.2617382617382615      -0.99279119425644369       0.97126871078627153     
   3.2657342657342658      -0.99230432095287802       0.96933573076350477     
   3.2697302697302697      -0.99180160250743299       0.96734083747262400     
   3.2737262737262736      -0.99128304694752989       0.96528415833115766     
   3.2777222777222779      -0.99074866255347793       0.96316582470301071     
   3.2817182817182817      -0.99019845785834137       0.96098597189007506     
   3.2857142857142856      -0.98963244164780351       0.95874473912358638     
   3.2897102897102899      -0.98905062296002610       0.95644226955523137     
   3.2937062937062938      -0.98845301108550565       0.95407871024800550     
   3.2977022977022976      -0.98783961556692446       0.95165421216681834     
   3.3016983016983019      -0.98721044619899856       0.94916893016885162     
   3.3056943056943058      -0.98656551302832118       0.94662302299366929     
   3.3096903096903096      -0.98590482635320253       0.94401665325307671     
   3.3136863136863135      -0.98522839672350493       0.94134998742073583     
   3.3176823176823178      -0.98453623494047460       0.93862319582153098     
   3.3216783216783217      -0.98382835205656982       0.93583645262069159     
   3.3256743256743255      -0.98310475937528297       0.93298993581266609     
   3.3296703296703298      -0.98236546845096140       0.93008382720975369     
   3.3336663336663337      -0.98161049108862242       0.92711831243049303     
   3.3376623376623376      -0.98083983934376473       0.92409358088780424     
   3.3416583416583419      -0.98005352552217562       0.92100982577689161     
   3.3456543456543457      -0.97925156217973564       0.91786724406290521     
   3.3496503496503496      -0.97843396212221656       0.91466603646835820     
   3.3536463536463534      -0.97760073840507800       0.91140640746030754     
   3.3576423576423577      -0.97675190433325842       0.90808856523729364     
   3.3616383616383616      -0.97588747346096316       0.90471272171604400     
   3.3656343656343655      -0.97500745959144719       0.90141719959686206     
   3.3696303696303698      -0.97411187677679556       0.90210599383782442     
   3.3736263736263736      -0.97320073931769868       0.90279407715698223     
   3.3776223776223775      -0.97227406176322362       0.90348145102034283     
   3.3816183816183818      -0.97133185891058238       0.90416811688938425     
   3.3856143856143857      -0.97037414580489534       0.90485407622107206     
   3.3896103896103895      -0.96940093773895097       0.90553933046788004     
   3.3936063936063938      -0.96841225025296129       0.90622388107780738     
   3.3976023976023977      -0.96740809913431480       0.90690772949439691     
   3.4015984015984015      -0.96638850041732338       0.90759087715675424     
   3.4055944055944054      -0.96535347038296637       0.90827332549956541     
   3.4095904095904097      -0.96430302555863090       0.90895507595311476     
   3.4135864135864136      -0.96323718271784831       0.90963612994330356     
   3.4175824175824174      -0.96215595888002525       0.91031648889166705     
   3.4215784215784217      -0.96105937131017283       0.91099615421539304     
   3.4255744255744256      -0.95994743751863076       0.91167512732733935     
   3.4295704295704295      -0.95882017526078744       0.91235340963605105     
   3.4335664335664338      -0.95767760253679657       0.91303100254577862     
   3.4375624375624376      -0.95651973759129016       0.91370790745649488     
   3.4415584415584415      -0.95534659891308638       0.91438412576391270     
   3.4455544455544453      -0.95415820523489503       0.91505965885950202     
   3.4495504495504496      -0.95295457553301777       0.91573450813050750     
   3.4535464535464535      -0.95173572902704628       0.91640867495996448     
   3.4575424575424574      -0.95050168517955391       0.91708216072671722     
   3.4615384615384617      -0.94925246369578553       0.91775496680543578     
   3.4655344655344655      -0.94798808452334349       0.91842709456663152     
   3.4695304695304694      -0.94670856785186808       0.91909854537667557     
   3.4735264735264737      -0.94541393411271524       0.91976932059781424     
   3.4775224775224776      -0.94410420397863171       0.92043942158818592     
   3.4815184815184814      -0.94277939836342284       0.92110884970183815     
   3.4855144855144857      -0.94143953842161998       0.92177760628874339     
   3.4895104895104896      -0.94008464554814264       0.92244569269481524     
   3.4935064935064934      -0.93871474137795641       0.92311311026192577     
   3.4975024975024973      -0.93732984778572759       0.92377986032792014     
   3.5014985014985016      -0.93592998688547380       0.92444594422663384     
   3.5054945054945055      -0.93451518103021147       0.92511136328790855     
   3.5094905094905093      -0.93308545281159838       0.92577611883760735     
   3.5134865134865136      -0.93164082505957246       0.92644021219763151     
   3.5174825174825175      -0.93018132084198868       0.92710364468593531     
   3.5214785214785214      -0.92870696346424919       0.92776641761654299     
   3.5254745254745257      -0.92721777646893166       0.92842853229956357     
   3.5294705294705295      -0.92571378363541412       0.92908999004120552     
   3.5334665334665334      -0.92419500897949425       0.92975079214379419     
   3.5374625374625372      -0.92266147675300614       0.93041093990578561     
   3.5414585414585416      -0.92111321144343317       0.93107043462178241     
   3.5454545454545454      -0.91955023777351752       0.93172927758254920     
   3.5494505494505493      -0.91797258070086418       0.93238747007502742     
   3.5534465534465536      -0.91638026541754336       0.93304501338235046     
   3.5574425574425574      -0.91477331734968836       0.93370190878385861     
   3.5614385614385613      -0.91315176215708849       0.93435815755511442     
   3.5654345654345656      -0.91151562573278022       0.93501376096791700     
   3.5694305694305695      -0.90986493420263403       0.93566872029031711     
   3.5734265734265733      -0.90819971392493604       0.93632303678663220     
   3.5774225774225776      -0.90651999148996809       0.93697671171746011     
   3.5814185814185815      -0.90482579371958305       0.93762974633969443     
   3.5854145854145854      -0.90311714766677609       0.93828214190653869     
   3.5894105894105892      -0.90139408061525295       0.93893389966752139     
   3.5934065934065935      -0.89965662007899394       0.93958502086850937     
   3.5974025974025974      -0.89790479380181576       0.94023550675172252     
   3.6013986013986012      -0.89613862975692704       0.94088535855574862     
   3.6053946053946055      -0.89435815614648217       0.94153457751555614     
   3.6093906093906094      -0.89256340140113155       0.94218316486250953     
   3.6133866133866133      -0.89075439417956681       0.94283112182438311     
   3.6173826173826176      -0.88893116336806322       0.94347844962537430     
   3.6213786213786214      -0.88709373808001946       0.94412514948611825     
   3.6253746253746253      -0.88524214765549147       0.94477122262370072     
   3.6293706293706292      -0.88337642166072439       0.94541667025167309     
   3.6333666333666335      -0.88149658988768065       0.94606149358006519     
   3.6373626373626373      -0.87960268235356442       0.94670569381539871     
   3.6413586413586412      -0.87769472930034176       0.94734927216070175     
   3.6453546453546455      -0.87577276119425751       0.94799222981552145     
   3.6493506493506493      -0.87383680872535030       0.94863456797593715     
   3.6533466533466532      -0.87188690280696046       0.94927628783457474     
   3.6573426573426575      -0.86992307457523754       0.94991739058061953     
   3.6613386613386614      -0.86794535538864370       0.95055787739982878     
   3.6653346653346652      -0.86595377682745134       0.95119774947454627     
   3.6693306693306695      -0.86394837069323993       0.95183700798371373     
   3.6733266733266734      -0.86192916900838856       0.95247565410288548     
   3.6773226773226773      -0.85989620401556333       0.95311368900423976     
   3.6813186813186811      -0.85784950817720373       0.95375111385659350     
   3.6853146853146854      -0.85578911417500303       0.95438792982541365     
   3.6893106893106893      -0.85371505490938826       0.95502413807283038     
   3.6933066933066931      -0.85162736349899282       0.95565973975765017     
   3.6973026973026974      -0.84952607328012864       0.95629473603536819     
   3.7012987012987013      -0.84741121780625461       0.95692912805818087     
   3.7052947052947052      -0.84528283084743894       0.95756291697499862     
   3.7092907092907095      -0.84314094638982129       0.95819610393145827     
   3.7132867132867133      -0.84098559863507028       0.95882869006993510     
   3.7172827172827172      -0.83881682199983620       0.95946067652955602     
   3.7212787212787211      -0.83663465111520219       0.96009206444621076     
   3.7252747252747254      -0.83443912082613081       0.96072285495256571     
   3.7292707292707292      -0.83223026619090901       0.96135304917807407     
   3.7332667332667331      -0.83000812248058620       0.96198264824899005     
   3.7372627372627374      -0.82777272517841216       0.96261165328837928     
   3.7412587412587412      -0.82552410997927128       0.96324006541613172     
   3.7452547452547451      -0.82326231278911077       0.96386788574897353     
   3.7492507492507494      -0.82098736972436825       0.96449511540047894     
   3.7532467532467533      -0.81869931711139576       0.96512175548108170     
   3.7572427572427571      -0.81639819148587833       0.96574780709808783     
   3.7612387612387614      -0.81408402959225112       0.96637327135568596     
   3.7652347652347653      -0.81175686838311345       0.96699814935496020     
   3.7692307692307692      -0.80941674501863725       0.96762244219390126     
   3.7732267732267730      -0.80706369686597512       0.96824615096741851     
   3.7772227772227773      -0.80469776149866223       0.96886927676735068     
   3.7812187812187812      -0.80231897669601837       0.96949182068247786     
   3.7852147852147850      -0.79992738044254252       0.97011378379853286     
   3.7892107892107894      -0.79752301092730704       0.97073516719821262     
   3.7932067932067932      -0.79510590654334912       0.97135597196118906     
   3.7972027972027971      -0.79267610588705595       0.97197619916412137     
   3.8011988011988014      -0.79023364775754878       0.97259584988066605     
   3.8051948051948052      -0.78777857115606476       0.97321492518148889     
   3.8091908091908091      -0.78531091528533248       0.97383342613427537     
   3.8131868131868130      -0.78283071954894656       0.97445135380374204     
   3.8171828171828173      -0.78033802355073867       0.97506870925164812     
   3.8211788211788211      -0.77783286709414523       0.97568549353680556     
   3.8251748251748250      -0.77531529018157153       0.97630170771509017     
   3.8291708291708293      -0.77278533301375230       0.97691735283945269     
   3.8331668331668332      -0.77024303598911170       0.97753242995992928     
   3.8371628371628370      -0.76768843970311640       0.97814694012365289     
   3.8411588411588413      -0.76512158494762761       0.97876088437486275     
   3.8451548451548452      -0.76254251271025120       0.97937426375491654     
   3.8491508491508490      -0.75995126417368120       0.97998707930229978     
   3.8531468531468533      -0.75734788071504311       0.98059933205263694     
   3.8571428571428572      -0.75473240390523400       0.98121102303870178     
   3.8611388611388611      -0.75210487550825722       0.98182215329042777     
   3.8651348651348649      -0.74946533748055610       0.98243272383491886     
   3.8691308691308692      -0.74681383197034423       0.98304273569645928     
   3.8731268731268731      -0.74415040131693289       0.98365218989652414     
   3.8771228771228770      -0.74147508805005358       0.98426108745378982     
   3.8811188811188813      -0.73878793488917949       0.98486942938414379     
   3.8851148851148851      -0.73608898474284479       0.98547721670069521     
   3.8891108891108890      -0.73337828070795696       0.98608445041378467     
   3.8931068931068933      -0.73065586606911026       0.98669113153099508     
   3.8971028971028971      -0.72792178429789478       0.98729726105716020     
   3.9010989010989010      -0.72517607905220094       0.98790283999437600     
   3.9050949050949053      -0.72241879417552313       0.98850786934200996     
   3.9090909090909092      -0.71964997369626027       0.98911235009671128     
   3.9130869130869130      -0.71686966182701162       0.98971628325242045     
   3.9170829170829169      -0.71407790296387119       0.99031966980037933     
   3.9210789210789212      -0.71127474168571869       0.99092251072914073     
   3.9250749250749251      -0.70846022275350873       0.99152480702457768     
   3.9290709290709289      -0.70857611170815515       0.99212655966989405     
   3.9330669330669332      -0.71139016476939032       0.99272776964563381     
   3.9370629370629371      -0.71419285833348856       0.99332843792968994     
   3.9410589410589409      -0.71698414764696472       0.99392856549731534     
   3.9450549450549453      -0.71976398813843678       0.99452815332113087     
   3.9490509490509491      -0.72253233541933692       0.99512720237113572     
   3.9530469530469530      -0.72528914528462229       0.99572571361471651     
   3.9570429570429568      -0.72803437371347923       0.99632368801665694     
   3.9610389610389611      -0.73076797687002737       0.99692112653914666     
   3.9650349650349650      -0.73348991110401796       0.99751803014179119     
   3.9690309690309689      -0.73620013295153264       0.99811439978162009     
   3.9730269730269732      -0.73889859913567713       0.99871023641309753     
   3.9770229770229770      -0.74158526656727064       0.99930554098813051     
   3.9810189810189809      -0.74426009234553625       0.99990031445607830     
   3.9850149850149852      -0.74692303375878488        1.0004945577637616     
   3.9890109890109891      -0.74957404828509633        1.0010882718554717     
   3.9930069930069929      -0.75221309359300026        1.0016814576729782     
   3.9970029970029972      -0.75484012754215102        1.0022741161555406     
   4.0009990009990011      -0.75745510818399986        1.0028662482399142     
   4.0049950049950045      -0.76005799376246597        1.0034578548603614     
   4.0089910089910088      -0.76264874271460392        1.0040489369486592     
   4.0129870129870131      -0.76522731367126484        1.0046394954341085     
   4.0169830169830174      -0.76779366545775862        1.0052295312435429     
   4.0209790209790208      -0.77034775709451109        1.0058190453013365     
   4.0249750249750251      -0.77288954779771990        1.0064080385294145     
   4.0289710289710285      -0.77541899698000216        1.0069965118472601     
   4.0329670329670328      -0.77793606425104689        1.0075844661719238     
   4.0369630369630372      -0.78044070941825616        1.0081719024180318     
   4.0409590409590415      -0.78293289248738918        1.0087588214977949     
   4.0449550449550449      -0.78541257366319950        1.0093452243210166     
   4.0489510489510483      -0.78787971335007267        1.0099311117951015     
   4.0529470529470526      -0.79033427215265672        1.0105164848250650     
   4.0569430569430569      -0.79277621087649075        1.0111013443135388     
   4.0609390609390612      -0.79520549052863188        1.0116856911607828     
   4.0649350649350655      -0.79762207231827797        1.0122695262646906     
   4.0689310689310689      -0.80002591765738595        1.0128528505207990     
   4.0729270729270723      -0.80241698816128970        1.0134356648222966     
   4.0769230769230766      -0.80479524564931226        1.0140179700600314     
   4.0809190809190810      -0.80716065214537402        1.0145997671225189     
   4.0849150849150853      -0.80951316987860089        1.0151810568959501     
   4.0889110889110896      -0.81185276128392703        1.0157618402642004     
   4.0929070929070930      -0.81417938900269371        1.0163421181088370     
   4.0969030969030964      -0.81649301588324819        1.0169218913091271     
   4.1008991008991007      -0.81879360498153508        1.0175011607420463     
   4.1048951048951050      -0.82108111956168572        1.0180799272822856     
   4.1088911088911093      -0.82335552309660631        1.0186581918022599     
   4.1128871128871127      -0.82561677926855992        1.0192359551721162     
   4.1168831168831170      -0.82786485196974879        1.0198132182597410     
   4.1208791208791204      -0.83009970530288690        1.0203899819307685     
   4.1248751248751248      -0.83232130358177758        1.0209662470485874     
   4.1288711288711291      -0.83452961133187986        1.0215420144743503     
   4.1328671328671334      -0.83672459329087656        1.0221172850669800     
   4.1368631368631368      -0.83890621440923674        1.0226920596831777     
   4.1408591408591402      -0.84107443985077646        1.0232663391774310     
   4.1448551448551445      -0.84322923499321478        1.0238401244020208     
   4.1488511488511488      -0.84537056542872469        1.0244134162070297     
   4.1528471528471531      -0.84749839696448470        1.0249862154403486     
   4.1568431568431574      -0.84961269562322395        1.0255585229476851     
   4.1608391608391608      -0.85171342764376479        1.0261303395725707     
   4.1648351648351642      -0.85380055948156253        1.0267016661563679     
   4.1688311688311686      -0.85587405780924075        1.0272725035382781     
   4.1728271728271729      -0.85793388951712246        1.0278428525553494     
   4.1768231768231772      -0.85998002171375998        1.0284127140424821     
   4.1808191808191815      -0.86201242172645964        1.0289820888324384     
   4.1848151848151849      -0.86403105710180350        1.0295509777558483     
   4.1888111888111883      -0.86603589560616834        1.0301193816412171     
   4.1928071928071926      -0.86802690522623993        1.0306873013149331     
   4.1968031968031969      -0.87000405416952320        1.0312547376012740     
   4.2007992007992012      -0.87196731086485080        1.0318216913224147     
   4.2047952047952046      -0.87391664396288715        1.0323881632984340     
   4.2087912087912089      -0.87585202233663018        1.0329541543473229     
   4.2127872127872124      -0.87777341508190543        1.0335196652849896     
   4.2167832167832167      -0.87968079151786316        1.0340846969252688     
   4.2207792207792210      -0.88157412118746514        1.0346492500799267     
   4.2247752247752253      -0.88345337385797273        1.0352133255586697     
   4.2287712287712287      -0.88531851952142859        1.0357769241691501     
   4.2327672327672321      -0.88716952839513741        1.0363400467169739     
   4.2367632367632364      -0.88900637092214063        1.0369026940057076     
   4.2407592407592407      -0.89082901777168721        1.0374648668368840     
   4.2447552447552450      -0.89263743983970367        1.0380265660100110     
   4.2487512487512493      -0.89443160824925827        1.0385877923225764     
   4.2527472527472527      -0.89621149435102132        1.0391485465700558     
   4.2567432567432562      -0.89797706972372471        1.0397088295459200     
   4.2607392607392605      -0.89972830617461397        1.0402686420416398     
   4.2647352647352648      -0.90146517573989837        1.0408279848466946     
   4.2687312687312691      -0.90318765068519846        1.0413868587485782     
   4.2727272727272734      -0.90489570350598825        1.0419452645328051     
   4.2767232767232768      -0.90658930692803419        1.0425032029829178     
   4.2807192807192802      -0.90826843390783230        1.0430606748804936     
   4.2847152847152845      -0.90993305763303833        1.0436176810051505     
   4.2887112887112888      -0.91158315152289593        1.0441742221345538     
   4.2927072927072931      -0.91321868922866167        1.0447302990444229     
   4.2967032967032965      -0.91483964463402567        1.0452859125085379     
   4.3006993006993008      -0.91644599185552944        1.0458410632987456     
   4.3046953046953043      -0.91803770524297679        1.0463957521849663     
   4.3086913086913086      -0.91961475937984671        1.0469499799352002     
   4.3126873126873129      -0.92117712908369642        1.0475037473155338     
   4.3166833166833172      -0.92272478940656455        1.0480570550901458     
   4.3206793206793206      -0.92425771563536951        1.0486099040213133     
   4.3246753246753249      -0.92577588329230509        1.0491622948694199     
   4.3286713286713283      -0.92727926813522887        1.0497142283929595     
   4.3326673326673326      -0.92876784615805241        1.0502657053485445     
   4.3366633366633369      -0.93024159359112157        1.0508167264909101     
   4.3406593406593412      -0.93170048690159812        1.0513672925729227     
   4.3446553446553446      -0.93314450279383443        1.0519174043455846     
   4.3486513486513481      -0.93457361820974638        1.0524670625580401     
   4.3526473526473524      -0.93598781032918132        1.0530162679575830     
   4.3566433566433567      -0.93738705657028143        1.0535650212896608     
   4.3606393606393610      -0.93877133458984541        1.0541133232978821     
   4.3646353646353653      -0.94014062228368478        1.0546611747240222     
   4.3686313686313687      -0.94149489778697681        1.0552085763080292     
   4.3726273726273721      -0.94283413947461447        1.0557555287880303     
   4.3766233766233764      -0.94415832596155114        1.0563020329003370     
   4.3806193806193807      -0.94546743610314121        1.0568480893794514     
   4.3846153846153850      -0.94676144899547909        1.0573936989580728     
   4.3886113886113884      -0.94804034397573211        1.0579388623671022     
   4.3926073926073927      -0.94930410062247161        1.0584835803356500     
   4.3966033966033962      -0.95055269875599713        1.0590278535910400     
   4.4005994005994005      -0.95178611843866101        1.0595716828588166     
   4.4045954045954048      -0.95300433997518452        1.0601150688627494     
   4.4085914085914091      -0.95420734391297357        1.0606580123248406     
   4.4125874125874125      -0.95539511104242902        1.0612005139653289     
   4.4165834165834168      -0.95656762239725412        1.0617425745026969     
   4.4205794205794202      -0.95772485925475581        1.0622841946536754     
   4.4245754245754245      -0.95886680313614547        1.0628253751332501     
   4.4285714285714288      -0.95999343580683261        1.0633661166546671     
   4.4325674325674331      -0.96110473927671647        1.0639064199294377     
   4.4365634365634365      -0.96220069580047352        1.0644462856673451     
   4.4405594405594400      -0.96328128787784106        1.0649857145764496     
   4.4445554445554443      -0.96434649825389596        1.0655247073630942     
   4.4485514485514486      -0.96539630991933034        1.0660632647319095     
   4.4525474525474529      -0.96643070611072357        1.0666013873858202     
   4.4565434565434572      -0.96744967031080975        1.0671390760260504     
   4.4605394605394606      -0.96845318624874088        1.0676763313521285     
   4.4645354645354640      -0.96944123790034809        1.0682131540618931     
   4.4685314685314683      -0.97041380948839639        1.0687495448514985     
   4.4725274725274726      -0.97137088548283645        1.0692855044154204     
   4.4765234765234769      -0.97231245060105331        1.0698210334464602     
   4.4805194805194803      -0.97323848980810979        1.0703561326357511     
   4.4845154845154847      -0.97414898831698760        1.0708908026727644     
   4.4885114885114881      -0.97504393158882174        1.0714250442453124     
   4.4925074925074924      -0.97592330533313465        1.0719588580395563     
   4.4965034965034967      -0.97678709550806275        1.0724922447400098     
   4.5004995004995010      -0.97763528832058133        1.0730252050295452     
   4.5044955044955044      -0.97846787022672477        1.0735577395893980     
   4.5084915084915087      -0.97928482793180338        1.0740898490991730     
   4.5124875124875121      -0.98008614839061436        1.0746215342368484     
   4.5164835164835164      -0.98087181880765173        1.0751527956787821     
   4.5204795204795207      -0.98164182663730881        1.0756836340997160     
   4.5244755244755250      -0.98239615958408033        1.0762140501727815     
   4.5284715284715285      -0.98313480560275734        1.0767440445695049     
   4.5324675324675319      -0.98385775289862065        1.0772736179598117     
   4.5364635364635362      -0.98456498992762886        1.0778027710120328     
   4.5404595404595405      -0.98525650539660192        1.0783315043929085     
   4.5444555444555448      -0.98593228826340240        1.0788598187675940     
   4.5484515484515491      -0.98659232773711136        1.0793877147996644     
   4.5524475524475525      -0.98723661327820089        1.0799151931511199     
   4.5564435564435559      -0.98786513459870240        1.0804422544823904     
   4.5604395604395602      -0.98847788166237061        1.0809688994523410     
   4.5644355644355645      -0.98907484468484419        1.0814951287182759     
   4.5684315684315688      -0.98965601413380144        1.0820209429359446     
   4.5724275724275723      -0.99022138072911314        1.0825463427595459     
   4.5764235764235766      -0.99077093544299055        1.0830713288417337     
   4.5804195804195800      -0.99130466950012908        1.0835959018336201     
   4.5844155844155843      -0.99182257437784938        1.0841200623847826     
   4.5884115884115886      -0.99232464180623225        1.0846438111432670     
   4.5924075924075929      -0.99281086376825178        1.0851671487555929     
   4.5964035964035963      -0.99328123249990263        1.0856900758667594     
   4.6003996003996006      -0.99373574049032432        1.0862125931202480     
   4.6043956043956040      -0.99417438048192119        1.0867347011580286     
   4.6083916083916083      -0.99459714547047817        1.0872564006205645     
   4.6123876123876126      -0.99500402870527260        1.0877776921468159     
   4.6163836163836169      -0.99539502368918209        1.0882985763742459     
   4.6203796203796204      -0.99577012417878819        1.0888190539388236     
   4.6243756243756238      -0.99612932418447653        1.0893391254750311     
   4.6283716283716281      -0.99647261797053166        1.0898587916158657     
   4.6323676323676324      -0.99680000005522940        1.0903780529928462     
   4.6363636363636367      -0.99711146521092375        1.0908969102360164     
   4.6403596403596410      -0.99740700846413077        1.0914153639739506     
   4.6443556443556444      -0.99768662509560802        1.0919334148337572     
   4.6483516483516478      -0.99795031064042949        1.0924510634410844     
   4.6523476523476521      -0.99819806088805763        1.0929683104201242     
   4.6563436563436564      -0.99842987188240961        1.0934851563936161     
   4.6603396603396607      -0.99864573992192140        1.0940016019828529     
   4.6643356643356642      -0.99884566155960641        1.0945176478076846     
   4.6683316683316685      -0.99902963360311059        1.0950332944865231     
   4.6723276723276719      -0.99919765311476338        1.0955485426363456     
   4.6763236763236762      -0.99934971741162482        1.0960633928727010     
   4.6803196803196805      -0.99948582406552811        1.0965778458097122     
   4.6843156843156848      -0.99960597090311853        1.0970919020600820     
   4.6883116883116882      -0.99971015600588820        1.0976055622350969     
   4.6923076923076925      -0.99979837771020663        1.0981188269446316     
   4.6963036963036959      -0.99987063460734726        1.0986316967971528     
   4.7002997002997002      -0.99992692554351004        1.0991441723997246     
   4.7042957042957045      -0.99996724961983985        1.0996562543580120     
   4.7082917082917088      -0.99999160619244076        1.1001679432762848     
   4.7122877122877123      -0.99999999487238622        1.1006792397574234     
   4.7162837162837157      -0.99999241552572582        1.1011901444029215     
   4.7202797202797200      -0.99996886827348652        1.1017006578128918     
   4.7242757242757243      -0.99992935349167167        1.1022107805860681     
   4.7282717282717286      -0.99987387181125420        1.1027205133198119     
   4.7322677322677329      -0.99980242411816722        1.1032298566101151     
   4.7362637362637363      -0.99971501155328923        1.1037388110516044     
   4.7402597402597397      -0.99961163551242660        1.1042473772375463     
   4.7442557442557440      -0.99949229764629044        1.1047555557598501     
   4.7482517482517483      -0.99935699986047122        1.1052633472090729     
   4.7522477522477526      -0.99920574431540743        1.1057707521744229     
   4.7562437562437561      -0.99903853342635185        1.1062777712437641     
   4.7602397602397604      -0.99885536986333223        1.1067844050036209     
   4.7642357642357638      -0.99865625655110934        1.1072906540391805     
   4.7682317682317681      -0.99844119666912978        1.1077965189342989     
   4.7722277722277724      -0.99821019365147556        1.1083020002715034     
   4.7762237762237767      -0.99796325118680895        1.1088070986319976     
   4.7802197802197801      -0.99770037321831395        1.1093118145956646     
   4.7842157842157844      -0.99742156394363291        1.1098161487410723     
   4.7882117882117878      -0.99712682781479967        1.1103201016454758     
   4.7922077922077921      -0.99681616953816876        1.1108236738848223     
   4.7962037962037964      -0.99648959407433968        1.1113268660337550     
   4.8001998001998007      -0.99614710663807826        1.1118296786656163     
   4.8041958041958042      -0.99578871269823299        1.1123321123524530     
   4.8081918081918076      -0.99541441797764796        1.1128341676650193     
   4.8121878121878119      -0.99502422845307104        1.1133358451727811     
   4.8161838161838162      -0.99461815035505907        1.1138371454439189     
   4.8201798201798205      -0.99419619016787797        1.1143380690453331     
   4.8241758241758248      -0.99375835462939932        1.1148386165426474     
   4.8281718281718282      -0.99330465073099272        1.1153387885002113     
   4.8321678321678316      -0.99283508571741408        1.1158385854811061     
   4.8361638361638359      -0.99234966708668992        1.1163380080471477     
   4.8401598401598402      -0.99184840258999807        1.1168370567588892     
   4.8441558441558445      -0.99133130023154326        1.1173357321756270     
   4.8481518481518480      -0.99079836826842993        1.1178340348554028     
   4.8521478521478523      -0.99024961521052979        1.1183319653550077     
   4.8561438561438557      -0.98968504982034633        1.1188295242299864     
   4.8601398601398600      -0.98910468111287464        1.1193267120346411     
   4.8641358641358643      -0.98850851835545783        1.1198235293220336     
   4.8681318681318686      -0.98789657106763873        1.1203199766439915     
   4.8721278721278720      -0.98726884902100809        1.1208160545511097     
   4.8761238761238763      -0.98662536223904795        1.1213117635927548     
   4.8801198801198797      -0.98596612099697289        1.1218071043170694     
   4.8841158841158840      -0.98529113582156425        1.1223020772709749     
   4.8881118881118883      -0.98460041749100347        1.1227966830001754     
   4.8921078921078927      -0.98389397703469927        1.1232909220491611     
   4.8961038961038961      -0.98317182573311190        1.1237847949612125     
   4.9000999000998995      -0.98243397511757247        1.1242783022784035     
   4.9040959040959038      -0.98168043697009910        1.1247714445416048     
   4.9080919080919081      -0.98091122332320924        1.1252642222904883     
   4.9120879120879124      -0.98012634645972696        1.1257566360635289     
   4.9160839160839167      -0.97932581891258685        1.1262486863980108     
   4.9200799200799201      -0.97850965346463437        1.1267403738300277     
   4.9240759240759235      -0.97767786314842109        1.1272316988944895     
   4.9280719280719278      -0.97683046124599671        1.1277226621251237     
   4.9320679320679321      -0.97596746128869760        1.1282132640544793     
   4.9360639360639365      -0.97508887705693015        1.1287035052139305     
   4.9400599400599399      -0.97419472257995099        1.1291933861336803     
   4.9440559440559442      -0.97328501213564222        1.1296829073427639     
   4.9480519480519476      -0.97235976025028503        1.1301720693690513     
   4.9520479520479519      -0.97141898169832575        1.1306608727392522     
   4.9560439560439562      -0.97046269150214159        1.1311493179789180     
   4.9600399600399605      -0.96949090493179990        1.1316374056124463     
   4.9640359640359639      -0.96850363750481483        1.1321251361630833     
   4.9680319680319682      -0.96750090498589858        1.1326125101529276     
   4.9720279720279716      -0.96648272338671126        1.1330995281029339     
   4.9760239760239759      -0.96544910896560321        1.1335861905329159     
   4.9800199800199803      -0.96440007822735740        1.1340724979615500     
   4.9840159840159846      -0.96333564792292470        1.1345584509063777     
   4.9880119880119880      -0.96225583504915679        1.1350440498838099     
   4.9920079920079914      -0.96116065684853425        1.1355292954091303     
   4.9960039960039957      -0.96005013080889157        1.1360141879964978     
   5.0000000000000000      -0.95892427466313845        1.1364987281589500     
