   1.0000000000000000       0.84147098480789650       0.54030230586813977       0.27031007207210955       0.94999999999999996      -0.41614683654714241     
   1.0396039603960396       0.86220367634547246       0.50656176375280426       0.28768347651868625       0.93819723556514067      -0.48679035900729634     
   1.0792079207920793       0.88158420086111255       0.47202679668857100       0.30461560358909323       0.92655131849818639      -0.55438140641585287     
   1.1188118811881189       0.89958216448520489       0.43675156478267346       0.32112831566403244       0.91506224879913733      -0.61849614131977237     
   1.1584158415841583       0.91616934157508245       0.40079138907651174       0.33724188961590773       0.90373002646799327      -0.67873252488424030     
   1.1980198019801980       0.93131971898041555       0.36420266478739538       0.35297516650982341       0.89255465150475444      -0.73471283792352027     
   1.2376237623762376       0.94500953683881939       0.32704277286569128       0.36834568404310730       0.88153612390942060      -0.78608604943263971     
   1.2772277227722773       0.95721732583770314       0.28936999000607588       0.38336979405804938       0.87067444368199198      -0.83253001776776714     
   1.3168316831683169       0.96792394088392020       0.25124339725402001       0.39806276710224370       0.85996961082246837      -0.87375351067251739     
   1.3564356435643563       0.97711259112841797       0.21272278735083605       0.41243888571280396       0.84942162533084997      -0.90949803148338193     
   1.3960396039603959       0.98476886629880089       0.17386857096259345       0.42651152785296076       0.83903048720713658      -0.93953944006285117     
   1.4356435643564356       0.99088075929850883       0.13474168193996450       0.44029324172277395       0.82879619645132840      -0.96368935829597890     
   1.4752475247524752       0.99543868503717103        9.5403481757573835E-002  0.45379581299243910       0.81871875306342523      -0.98179635133706455     
   1.5148514851485149       0.99843549546260302        5.5915663282719796E-002  0.46703032536092681       0.80879815704342706      -0.99374687719930699     
   1.5544554455445545       0.99986649077087264        1.6340154024382877E-002  0.48000721521966239       0.79903440839133411      -0.99946599873291886     
   1.5940594059405941       0.99972942677685583       -2.3260980985747137E-002  0.49273632109671550       0.78942750710714638      -0.99891785352716145     
   1.6336633663366338       0.99802451843372175       -6.2825636527916492E-002  0.50522692846836204       0.77997745319086365      -0.99210587878972423     
   1.6732673267326734       0.99475443949582820      -0.10229176459197854       0.51748781044931103       0.77068424664248603      -0.97907278979331847     
   1.7128712871287128       0.98992431832555672      -0.14159747168534451       0.52952726480824264       0.76154788746201363      -0.95990031202463610     
   1.7524752475247525       0.98354172985066224      -0.18068111589861030       0.54135314769983034       0.75256837564944612      -0.93470866871526592     
   1.7920792079207921       0.97561668368475118      -0.21948140357663121       0.55297290445668612       0.74374571120478383      -0.90365582696806390     
   1.8316831683168315       0.96616160842951837      -0.25793748544344219       0.56439359774347531       0.73507989412802666      -0.86693650720622806     
   1.8712871287128712       0.95519133218335939      -0.29598905203027220       0.57562193333980693       0.72657092441917459      -0.82478096215644159     
   1.9108910891089108       0.94272305928692890      -0.33357642825699413       0.58666428378758995       0.71821880207822764      -0.77745353302261289     
   1.9504950495049505       0.92877634334211201      -0.37064066701868448       0.59752671011165703       0.71002352710518579      -0.72525099190388931     
   1.9900990099009901       0.91337305654672252      -0.40712364163052200       0.60821498179902289       0.70198509950004906      -0.66850068085100467     
   2.0297029702970297       0.89653735539302037      -0.44296813698604670       0.61873459520166640       0.69410351926281733      -0.60755845923022189     
   2.0693069306930694       0.87829564278384142      -0.47811793928581969       0.62909079050978922       0.68637878639349081      -0.54280647226616252     
   2.1089108910891090       0.85867652662575178      -0.51251792419576381       0.63928856742677165       0.67881090089206941      -0.47465075475613061     
   2.1485148514851486       0.83771077496416357      -0.54611414329693075       0.64933269966320117       0.67139986275855312      -0.40351868498211885     
   2.1881188118811883       0.81543126773077357      -0.57885390869111653       0.65922774835515385       0.66414567199294183      -0.32985630478603312     
   2.2277227722772279       0.79187294517899587      -0.61068587562964238       0.66897807450113977       0.65704832859523576      -0.25412552261291399     
   2.2673267326732676       0.76707275308825651      -0.64156012303571575       0.67858785050259629       0.65010783256543470      -0.17680121706079457     
   2.3069306930693072       0.74106958482308494      -0.67142823179409172       0.68806107088436497       0.64332418390353885       -9.8368259099718913E-002
   2.3465346534653468       0.71390422033786860      -0.70024336068525495       0.69740156226409722       0.63669738260954800       -1.9318471632440017E-002
   2.3861386138613865       0.68561926222292746      -0.72796031984503706       0.70661299263285848       0.63022742868346238        5.9852454537777176E-002
   2.4257425742574257       0.65625906889220653      -0.75453564163446518       0.71569888000326221       0.62391432212528186       0.13864806899346815     
   2.4653465346534653       0.62586968501736295      -0.77992764880870002       0.72466260047616304       0.61775806293500635       0.21657427475253388     
   2.5049504950495050       0.59449876931735135      -0.80409651987815156       0.73350739577219559       0.61175865111263605       0.29314242656030925     
   2.5445544554455446       0.56219551981674698      -0.82700435155927543       0.74223638027020877       0.60591608665817076       0.36787239499595531     
   2.5841584158415842       0.52901059669002404      -0.84861521821710495       0.75085254759083231       0.60023036957161069       0.44029557717932949     
   2.6237623762376239       0.49499604281279125      -0.86889522820629950       0.75935877676000552       0.59470149985295562       0.50995783519935467     
   2.6633663366336631       0.46020520214458027      -0.88781257702234995       0.76775783798421993       0.58932947750220577       0.57642234383813196     
   2.7029702970297027       0.42469263607118302      -0.90533759717958784       0.77605239806646376       0.58411430251936092       0.63927232973381931     
   2.7425742574257423       0.38851403783774158      -0.92144280473777318       0.78424502548936470       0.57905597490442118       0.69811368480602776     
   2.7821782178217820       0.35172614520677448      -0.93610294240429726       0.79233819518977167       0.57415449465738655       0.75257743755596596     
   2.8217821782178216       0.31438665147812123      -0.94929501914440395       0.80033429304698456       0.56940986177825703       0.80232206674474860     
   2.8613861386138613       0.27655411501034705      -0.96099834623730951       0.80823562010499428       0.56482207626703262       0.84703564294168743     
   2.9009900990099009       0.23828786738550303      -0.97119456972167473       0.81604439654742977       0.56039113812371333       0.88643778451373778     
   2.9405940594059405       0.19964792036126447      -0.97986769917954852       0.82376276544239158       0.55611704734829914       0.92028141579084444     
   2.9801980198019802       0.16069487175637062      -0.98700413281363908       0.83139279627297347       0.55199980394079007       0.94835431638240719     
   3.0198019801980198       0.12148981041696356      -0.99259267877858648       0.83893648826802414       0.54803940790118610       0.97048045192970045     
   3.0594059405940595        8.2094220412864030E-002 -0.99662457273278393       0.84639577354656126       0.54423585922948736       0.98652107794960819     
   3.0990099009900991        4.2569884614030336E-002 -0.99909349158321925       0.85377252008820970       0.54058915792569351       0.99637560984789630     
   3.1386138613861387        2.9787877984184734E-003 -0.99999556340178430       0.86106853454108789       0.53709930398980488       0.99998225364650395     
   3.1782178217821784       -3.6616980556803888E-002 -0.99932937349749840       0.86828556487770303       0.53376629742182136       0.99731839346980533     
   3.2178217821782180       -7.6155323648239820E-002 -0.99709596663512379       0.87542530290861997       0.53059013822174295       0.98840073336006373     
   3.2574257425742577      -0.11557423473073504      -0.99329884539669377       0.88248938666295018       0.52757082638956965       0.97328519253280987     
   3.2970297029702968      -0.15481189436061396      -0.98794396468852330       0.88947940264403424       0.52470836192530146       0.95206655472895618     
   3.3366336633663365      -0.19380676734517871      -0.98103972240231530       0.89639688796809480       0.52200274482893838       0.92487787386242359     
   3.3762376237623761      -0.23249769924642205      -0.97259694624501070       0.90324333239306553       0.51945397510048030       0.89188963969024060     
   3.4158415841584158      -0.27082401228761899      -0.96262887675803477       0.91002018024429943       0.51706205273992745       0.85330870873687126     
   3.4554455445544554      -0.30872560051238290      -0.95115114655257005       0.91672883224337998       0.51482697774727970       0.80937700717653716     
   3.4950495049504950      -0.34614302404695491      -0.93818175579342256       0.92337064724582929       0.51274875012253696       0.76037001380725844     
   3.5346534653465347      -0.38301760231789583      -0.92374104396992673       0.92994694389310528       0.51082736986569943       0.70659503262930046     
   3.5742574257425743      -0.41929150607899202      -0.90785165799816137       0.93645900218391009       0.50906283697676702       0.64838926586002121     
   3.6138613861386140      -0.45490784810305074      -0.89053851670450035       0.94290806496949564       0.50745515145573961       0.58611769946850345     
   3.6534653465346536      -0.48981077239635706      -0.87182877174619788       0.94929533937733424       0.50600431330261741       0.52017081448896818     
   3.6930693069306932      -0.52394554179587960      -0.85175176503029459       0.95562199816723314       0.50471032251740022       0.45096213846444450     
   3.7326732673267329      -0.55725862381184832      -0.83033898269762385       0.96188918102370380       0.50357317910008825       0.37892565237464981     
   3.7722772277227725      -0.58969777458108263      -0.80762400574408311       0.96809799578814881       0.50259288305068128       0.30451306930823741     
   3.8118811881188117      -0.62121212079940435      -0.78364245735660998       0.97424951963419870       0.50176943436917953       0.22819100194381248     
   3.8514851485148514      -0.65175223950464967      -0.75843194704645300       0.98034480018931469       0.50110283305558279       0.15043803660134755     
   3.8910891089108910      -0.68127023558514999      -0.73203201166735477       0.98638485660558317       0.50059307910989115        7.1741732211508383E-002
   3.9306930693069306      -0.70971981689213748      -0.70448405341114062       0.99237068058243372       0.50024017253210473       -7.4044369788181926E-003
   3.9702970297029703      -0.73705636683827114      -0.67583127487795935       0.99830323734385362       0.50004411332222332       -8.6504175793664331E-002
   4.0099009900990099      -0.76323701436843427      -0.64611861132299730        1.0041834665725022       0.50000490148024701      -0.16506148020408298     
   4.0495049504950495      -0.78822070119306653      -0.61539266018592598        1.0100122833029881       0.50012253700617582      -0.24258374757857890     
   4.0891089108910892      -0.81196824617859431      -0.58370160801359605        1.0157905787764334       0.50039701990000984      -0.31858486560468452     
   4.1287128712871288      -0.83444240679397486      -0.55109515489058558        1.0215192212583215       0.50082835016174887      -0.39258826051224288     
   4.1683168316831685      -0.85560793751699182      -0.51762443649611389        1.0271990568215017       0.50141652779139301      -0.46412988548416106     
   4.2079207920792081      -0.87543164510870330      -0.48334194390955709        1.0328309100961237       0.50216155278894226      -0.53276113051546115     
   4.2475247524752477      -0.89388244066935918      -0.44830144129033261        1.0384155849881556       0.50306342515439662      -0.59805163547402096     
   4.2871287128712874      -0.91093138839414922      -0.41255788156125162        1.0439538653680596       0.50412214488775609      -0.65959198872338454     
   4.3267326732673261      -0.92655175095231845      -0.37616732022757232        1.0494465157310948       0.50533771198902067      -0.71699629438561419     
   4.3663366336633658      -0.94071903141848745      -0.33918682746690315        1.0548942818306410       0.50671012645819036      -0.76990459214587459     
   4.4059405940594054      -0.95341101169041131      -0.30167439862783574        1.0602978912858554       0.50823938829526516      -0.81798511442506738     
   4.4455445544554451      -0.96460778733293429      -0.26368886327765267        1.0656580541648990       0.50992549750024507      -0.86093636676667884     
   4.4851485148514847      -0.97429179879349215      -0.22528979294176063        1.0709754635449049       0.51176845407313010      -0.89848901839251727     
   4.5247524752475243      -0.98244785894020847      -0.18653740767953261        1.0762507960497885       0.51376825801392023      -0.93040759107239968     
   4.5643564356435640      -0.98906317687939793      -0.14749248164307507        1.0814847123669478       0.51592490932261537      -0.95649193571753433     
   4.6039603960396036      -0.99412737801512396      -0.10821624776702846        1.0866778577438367       0.51823840799921572      -0.97657848743845022     
   4.6435643564356432      -0.99763252031935301       -6.8770301738873607E-002   1.0918308624653483       0.52070875404372119      -0.99054129119748857     
   4.6831683168316829      -0.99957310678718825       -2.9216505400344289E-002   1.0969443423128880       0.52333594745613177      -0.99829279162438334     
   4.7227722772277225      -0.99994609405765011        1.0383110268561823E-002   1.1020188990059747       0.52611998823644734      -0.99978438204230180     
   4.7623762376237622      -0.99875089718648413        4.9966442430826229E-002   1.1070551206271619       0.52906087638466814      -0.99500670926161383     
   4.8019801980198018      -0.99598939056351043        8.9471413786343920E-002   1.1120535820310291       0.53215861190079405      -0.98398973223014563     
   4.8415841584158414      -0.99166590497307716       0.12883606992580890        1.1170148452379531       0.53541319478482496      -0.96680253417214412     
   4.8811881188118811      -0.98578722080222703       0.16799867649187389        1.1219394598133363       0.53882462503676110      -0.94355288939395743     
   4.9207920792079207      -0.97836255740722844       0.20689781599520957        1.1268279632329308       0.54239290265660234      -0.91438658747282486     
   4.9603960396039604      -0.96940355865514805       0.24547248413362940        1.1316808812348651       0.54611802764434858      -0.87948651906653008     
   5.0000000000000000      -0.95892427466313845       0.28366218546322625        1.1364987281589500       0.55000000000000004      -0.83907152907645244     
