           1   5.7249999999999996     
           2   5.9669999999999996     
           3   6.2350000000000003     
           4   6.3910000000000000     
           5   6.6379999999999999     
           6   6.7969999999999997     
           7   7.0140000000000002     
           8   7.2110000000000003     
           9   7.3639999999999999     
          10   7.7199999999999998     
          11   7.9779999999999998     
          12   8.2509999999999994     
          13   8.5619999999999994     
          14   8.5429999999999993     
          15   8.6850000000000005     
          16   9.2850000000000001     
          17   9.4719999999999995     
          18   9.8249999999999993     
          19   10.180999999999999     
          20   10.456000000000000     
          21   10.574000000000000     
          22   10.754000000000000     
          23   10.952000000000000     
          24   10.723000000000001     
          25   10.676000000000000     
          26   11.246000000000000     
          27   11.941000000000001     
          28   12.164999999999999     
